17758
9019
2250
9775
4099
24752
30689
32000
13848
3411
1222
4376
19241
30525
26076
25922
24416
21685
22540
9436
27147
32588
23690
846
9558
25472
31778
19095
4432
17942
23156
7831
566
23641
26857
18442
3115
1273
12938
10483
1118
23820
30426
3449
13141
14964
19162
16182
12468
5416
30640
21720
24875
22005
20628
10555
30457
5447
8239
32305
31352
5679
3350
11107
10163
30594
60
2027
5585
27155
16416
3347
28167
8133
28902
6619
6621
6268
5672
13730
13754
19668
12600
22376
4800
5711
18096
2109
24102
8598
2406
15195
32082
8118
9024
28292
17095
16267
16611
12703
25208
23781
30882
942
13888
16205
28905
23072
8183
17065
29259
14250
8400
28620
29151
1377
24707
23856
4474
7970
5266
5046
14141
5407
16120
6999
10028
31014
26489
25673
6009
6520
6867
17932
19952
25733
30626
12174
18083
10066
3731
23491
29096
24747
3963
22244
11164
7057
20658
30761
